**************************
BOUNDARY MESH AND GEOMETRY
**************************

FILEBEGIN

nodestotal 288
NODESBEGIN
1 0.00000000 0.00000000
2 0.01428571 0.00000000
3 0.02857143 0.00000000
4 0.04285714 0.00000000
5 0.05714286 0.00000000
6 0.07142857 0.00000000
7 0.08571429 0.00000000
8 0.10000000 0.00000000
9 0.00000000 0.01428571
10 0.01428571 0.01428571
11 0.02857143 0.01428571
12 0.04285714 0.01428571
13 0.05714286 0.01428571
14 0.07142857 0.01428571
15 0.08571429 0.01428571
16 0.10000000 0.01428571
17 0.00000000 0.02857143
18 0.01428571 0.02857143
19 0.02857143 0.02857143
20 0.04285714 0.02857143
21 0.05714286 0.02857143
22 0.07142857 0.02857143
23 0.08571429 0.02857143
24 0.10000000 0.02857143
25 0.00000000 0.04285714
26 0.01428571 0.04285714
27 0.02857143 0.04285714
28 0.04285714 0.04285714
29 0.05714286 0.04285714
30 0.07142857 0.04285714
31 0.08571429 0.04285714
32 0.10000000 0.04285714
33 0.00000000 0.05714286
34 0.01428571 0.05714286
35 0.02857143 0.05714286
36 0.04285714 0.05714286
37 0.05714286 0.05714286
38 0.07142857 0.05714286
39 0.08571429 0.05714286
40 0.10000000 0.05714286
41 0.00000000 0.07142857
42 0.01428571 0.07142857
43 0.02857143 0.07142857
44 0.04285714 0.07142857
45 0.05714286 0.07142857
46 0.07142857 0.07142857
47 0.08571429 0.07142857
48 0.10000000 0.07142857
49 0.00000000 0.08571429
50 0.01428571 0.08571429
51 0.02857143 0.08571429
52 0.04285714 0.08571429
53 0.05714286 0.08571429
54 0.07142857 0.08571429
55 0.08571429 0.08571429
56 0.10000000 0.08571429
57 0.00000000 0.10000000
58 0.01428571 0.10000000
59 0.02857143 0.10000000
60 0.04285714 0.10000000
61 0.05714286 0.10000000
62 0.07142857 0.10000000
63 0.08571429 0.10000000
64 0.10000000 0.10000000
65 0.00000000 0.11428571
66 0.01428571 0.11428571
67 0.02857143 0.11428571
68 0.04285714 0.11428571
69 0.05714286 0.11428571
70 0.07142857 0.11428571
71 0.08571429 0.11428571
72 0.10000000 0.11428571
73 0.00000000 0.12857143
74 0.01428571 0.12857143
75 0.02857143 0.12857143
76 0.04285714 0.12857143
77 0.05714286 0.12857143
78 0.07142857 0.12857143
79 0.08571429 0.12857143
80 0.10000000 0.12857143
81 0.00000000 0.14285714
82 0.01428571 0.14285714
83 0.02857143 0.14285714
84 0.04285714 0.14285714
85 0.05714286 0.14285714
86 0.07142857 0.14285714
87 0.08571429 0.14285714
88 0.10000000 0.14285714
89 0.00000000 0.15714286
90 0.01428571 0.15714286
91 0.02857143 0.15714286
92 0.04285714 0.15714286
93 0.05714286 0.15714286
94 0.07142857 0.15714286
95 0.08571429 0.15714286
96 0.10000000 0.15714286
97 0.00000000 0.17142857
98 0.01428571 0.17142857
99 0.02857143 0.17142857
100 0.04285714 0.17142857
101 0.05714286 0.17142857
102 0.07142857 0.17142857
103 0.08571429 0.17142857
104 0.10000000 0.17142857
105 0.00000000 0.18571429
106 0.01428571 0.18571429
107 0.02857143 0.18571429
108 0.04285714 0.18571429
109 0.05714286 0.18571429
110 0.07142857 0.18571429
111 0.08571429 0.18571429
112 0.10000000 0.18571429
113 0.00000000 0.20000000
114 0.01428571 0.20000000
115 0.02857143 0.20000000
116 0.04285714 0.20000000
117 0.05714286 0.20000000
118 0.07142857 0.20000000
119 0.08571429 0.20000000
120 0.10000000 0.20000000
121 0.00000000 0.21428571
122 0.01428571 0.21428571
123 0.02857143 0.21428571
124 0.04285714 0.21428571
125 0.05714286 0.21428571
126 0.07142857 0.21428571
127 0.08571429 0.21428571
128 0.10000000 0.21428571
129 0.00000000 0.22857143
130 0.01428571 0.22857143
131 0.02857143 0.22857143
132 0.04285714 0.22857143
133 0.05714286 0.22857143
134 0.07142857 0.22857143
135 0.08571429 0.22857143
136 0.10000000 0.22857143
137 0.00000000 0.24285714
138 0.01428571 0.24285714
139 0.02857143 0.24285714
140 0.04285714 0.24285714
141 0.05714286 0.24285714
142 0.07142857 0.24285714
143 0.08571429 0.24285714
144 0.10000000 0.24285714
145 0.00000000 0.25714286
146 0.01428571 0.25714286
147 0.02857143 0.25714286
148 0.04285714 0.25714286
149 0.05714286 0.25714286
150 0.07142857 0.25714286
151 0.08571429 0.25714286
152 0.10000000 0.25714286
153 0.00000000 0.27142857
154 0.01428571 0.27142857
155 0.02857143 0.27142857
156 0.04285714 0.27142857
157 0.05714286 0.27142857
158 0.07142857 0.27142857
159 0.08571429 0.27142857
160 0.10000000 0.27142857
161 0.00000000 0.28571429
162 0.01428571 0.28571429
163 0.02857143 0.28571429
164 0.04285714 0.28571429
165 0.05714286 0.28571429
166 0.07142857 0.28571429
167 0.08571429 0.28571429
168 0.10000000 0.28571429
169 0.00000000 0.30000000
170 0.01428571 0.30000000
171 0.02857143 0.30000000
172 0.04285714 0.30000000
173 0.05714286 0.30000000
174 0.07142857 0.30000000
175 0.08571429 0.30000000
176 0.10000000 0.30000000
177 0.00000000 0.31428571
178 0.01428571 0.31428571
179 0.02857143 0.31428571
180 0.04285714 0.31428571
181 0.05714286 0.31428571
182 0.07142857 0.31428571
183 0.08571429 0.31428571
184 0.10000000 0.31428571
185 0.00000000 0.32857143
186 0.01428571 0.32857143
187 0.02857143 0.32857143
188 0.04285714 0.32857143
189 0.05714286 0.32857143
190 0.07142857 0.32857143
191 0.08571429 0.32857143
192 0.10000000 0.32857143
193 0.00000000 0.34285714
194 0.01428571 0.34285714
195 0.02857143 0.34285714
196 0.04285714 0.34285714
197 0.05714286 0.34285714
198 0.07142857 0.34285714
199 0.08571429 0.34285714
200 0.10000000 0.34285714
201 0.00000000 0.35714286
202 0.01428571 0.35714286
203 0.02857143 0.35714286
204 0.04285714 0.35714286
205 0.05714286 0.35714286
206 0.07142857 0.35714286
207 0.08571429 0.35714286
208 0.10000000 0.35714286
209 0.00000000 0.37142857
210 0.01428571 0.37142857
211 0.02857143 0.37142857
212 0.04285714 0.37142857
213 0.05714286 0.37142857
214 0.07142857 0.37142857
215 0.08571429 0.37142857
216 0.10000000 0.37142857
217 0.00000000 0.38571429
218 0.01428571 0.38571429
219 0.02857143 0.38571429
220 0.04285714 0.38571429
221 0.05714286 0.38571429
222 0.07142857 0.38571429
223 0.08571429 0.38571429
224 0.10000000 0.38571429
225 0.00000000 0.40000000
226 0.01428571 0.40000000
227 0.02857143 0.40000000
228 0.04285714 0.40000000
229 0.05714286 0.40000000
230 0.07142857 0.40000000
231 0.08571429 0.40000000
232 0.10000000 0.40000000
233 0.00000000 0.41428571
234 0.01428571 0.41428571
235 0.02857143 0.41428571
236 0.04285714 0.41428571
237 0.05714286 0.41428571
238 0.07142857 0.41428571
239 0.08571429 0.41428571
240 0.10000000 0.41428571
241 0.00000000 0.42857143
242 0.01428571 0.42857143
243 0.02857143 0.42857143
244 0.04285714 0.42857143
245 0.05714286 0.42857143
246 0.07142857 0.42857143
247 0.08571429 0.42857143
248 0.10000000 0.42857143
249 0.00000000 0.44285714
250 0.01428571 0.44285714
251 0.02857143 0.44285714
252 0.04285714 0.44285714
253 0.05714286 0.44285714
254 0.07142857 0.44285714
255 0.08571429 0.44285714
256 0.10000000 0.44285714
257 0.00000000 0.45714286
258 0.01428571 0.45714286
259 0.02857143 0.45714286
260 0.04285714 0.45714286
261 0.05714286 0.45714286
262 0.07142857 0.45714286
263 0.08571429 0.45714286
264 0.10000000 0.45714286
265 0.00000000 0.47142857
266 0.01428571 0.47142857
267 0.02857143 0.47142857
268 0.04285714 0.47142857
269 0.05714286 0.47142857
270 0.07142857 0.47142857
271 0.08571429 0.47142857
272 0.10000000 0.47142857
273 0.00000000 0.48571429
274 0.01428571 0.48571429
275 0.02857143 0.48571429
276 0.04285714 0.48571429
277 0.05714286 0.48571429
278 0.07142857 0.48571429
279 0.08571429 0.48571429
280 0.10000000 0.48571429
281 0.00000000 0.50000000
282 0.01428571 0.50000000
283 0.02857143 0.50000000
284 0.04285714 0.50000000
285 0.05714286 0.50000000
286 0.07142857 0.50000000
287 0.08571429 0.50000000
288 0.10000000 0.50000000
NODESEND

elemstotal 490
ELEMSBEGIN
1 1 10 9
2 1 2 10
3 2 11 10
4 2 3 11
5 3 12 11
6 3 4 12
7 4 13 12
8 4 5 13
9 5 14 13
10 5 6 14
11 6 15 14
12 6 7 15
13 7 16 15
14 7 8 16
15 9 18 17
16 9 10 18
17 10 19 18
18 10 11 19
19 11 20 19
20 11 12 20
21 12 21 20
22 12 13 21
23 13 22 21
24 13 14 22
25 14 23 22
26 14 15 23
27 15 24 23
28 15 16 24
29 17 26 25
30 17 18 26
31 18 27 26
32 18 19 27
33 19 28 27
34 19 20 28
35 20 29 28
36 20 21 29
37 21 30 29
38 21 22 30
39 22 31 30
40 22 23 31
41 23 32 31
42 23 24 32
43 25 34 33
44 25 26 34
45 26 35 34
46 26 27 35
47 27 36 35
48 27 28 36
49 28 37 36
50 28 29 37
51 29 38 37
52 29 30 38
53 30 39 38
54 30 31 39
55 31 40 39
56 31 32 40
57 33 42 41
58 33 34 42
59 34 43 42
60 34 35 43
61 35 44 43
62 35 36 44
63 36 45 44
64 36 37 45
65 37 46 45
66 37 38 46
67 38 47 46
68 38 39 47
69 39 48 47
70 39 40 48
71 41 50 49
72 41 42 50
73 42 51 50
74 42 43 51
75 43 52 51
76 43 44 52
77 44 53 52
78 44 45 53
79 45 54 53
80 45 46 54
81 46 55 54
82 46 47 55
83 47 56 55
84 47 48 56
85 49 58 57
86 49 50 58
87 50 59 58
88 50 51 59
89 51 60 59
90 51 52 60
91 52 61 60
92 52 53 61
93 53 62 61
94 53 54 62
95 54 63 62
96 54 55 63
97 55 64 63
98 55 56 64
99 57 66 65
100 57 58 66
101 58 67 66
102 58 59 67
103 59 68 67
104 59 60 68
105 60 69 68
106 60 61 69
107 61 70 69
108 61 62 70
109 62 71 70
110 62 63 71
111 63 72 71
112 63 64 72
113 65 74 73
114 65 66 74
115 66 75 74
116 66 67 75
117 67 76 75
118 67 68 76
119 68 77 76
120 68 69 77
121 69 78 77
122 69 70 78
123 70 79 78
124 70 71 79
125 71 80 79
126 71 72 80
127 73 82 81
128 73 74 82
129 74 83 82
130 74 75 83
131 75 84 83
132 75 76 84
133 76 85 84
134 76 77 85
135 77 86 85
136 77 78 86
137 78 87 86
138 78 79 87
139 79 88 87
140 79 80 88
141 81 90 89
142 81 82 90
143 82 91 90
144 82 83 91
145 83 92 91
146 83 84 92
147 84 93 92
148 84 85 93
149 85 94 93
150 85 86 94
151 86 95 94
152 86 87 95
153 87 96 95
154 87 88 96
155 89 98 97
156 89 90 98
157 90 99 98
158 90 91 99
159 91 100 99
160 91 92 100
161 92 101 100
162 92 93 101
163 93 102 101
164 93 94 102
165 94 103 102
166 94 95 103
167 95 104 103
168 95 96 104
169 97 106 105
170 97 98 106
171 98 107 106
172 98 99 107
173 99 108 107
174 99 100 108
175 100 109 108
176 100 101 109
177 101 110 109
178 101 102 110
179 102 111 110
180 102 103 111
181 103 112 111
182 103 104 112
183 105 114 113
184 105 106 114
185 106 115 114
186 106 107 115
187 107 116 115
188 107 108 116
189 108 117 116
190 108 109 117
191 109 118 117
192 109 110 118
193 110 119 118
194 110 111 119
195 111 120 119
196 111 112 120
197 113 122 121
198 113 114 122
199 114 123 122
200 114 115 123
201 115 124 123
202 115 116 124
203 116 125 124
204 116 117 125
205 117 126 125
206 117 118 126
207 118 127 126
208 118 119 127
209 119 128 127
210 119 120 128
211 121 130 129
212 121 122 130
213 122 131 130
214 122 123 131
215 123 132 131
216 123 124 132
217 124 133 132
218 124 125 133
219 125 134 133
220 125 126 134
221 126 135 134
222 126 127 135
223 127 136 135
224 127 128 136
225 129 138 137
226 129 130 138
227 130 139 138
228 130 131 139
229 131 140 139
230 131 132 140
231 132 141 140
232 132 133 141
233 133 142 141
234 133 134 142
235 134 143 142
236 134 135 143
237 135 144 143
238 135 136 144
239 137 146 145
240 137 138 146
241 138 147 146
242 138 139 147
243 139 148 147
244 139 140 148
245 140 149 148
246 140 141 149
247 141 150 149
248 141 142 150
249 142 151 150
250 142 143 151
251 143 152 151
252 143 144 152
253 145 154 153
254 145 146 154
255 146 155 154
256 146 147 155
257 147 156 155
258 147 148 156
259 148 157 156
260 148 149 157
261 149 158 157
262 149 150 158
263 150 159 158
264 150 151 159
265 151 160 159
266 151 152 160
267 153 162 161
268 153 154 162
269 154 163 162
270 154 155 163
271 155 164 163
272 155 156 164
273 156 165 164
274 156 157 165
275 157 166 165
276 157 158 166
277 158 167 166
278 158 159 167
279 159 168 167
280 159 160 168
281 161 170 169
282 161 162 170
283 162 171 170
284 162 163 171
285 163 172 171
286 163 164 172
287 164 173 172
288 164 165 173
289 165 174 173
290 165 166 174
291 166 175 174
292 166 167 175
293 167 176 175
294 167 168 176
295 169 178 177
296 169 170 178
297 170 179 178
298 170 171 179
299 171 180 179
300 171 172 180
301 172 181 180
302 172 173 181
303 173 182 181
304 173 174 182
305 174 183 182
306 174 175 183
307 175 184 183
308 175 176 184
309 177 186 185
310 177 178 186
311 178 187 186
312 178 179 187
313 179 188 187
314 179 180 188
315 180 189 188
316 180 181 189
317 181 190 189
318 181 182 190
319 182 191 190
320 182 183 191
321 183 192 191
322 183 184 192
323 185 194 193
324 185 186 194
325 186 195 194
326 186 187 195
327 187 196 195
328 187 188 196
329 188 197 196
330 188 189 197
331 189 198 197
332 189 190 198
333 190 199 198
334 190 191 199
335 191 200 199
336 191 192 200
337 193 202 201
338 193 194 202
339 194 203 202
340 194 195 203
341 195 204 203
342 195 196 204
343 196 205 204
344 196 197 205
345 197 206 205
346 197 198 206
347 198 207 206
348 198 199 207
349 199 208 207
350 199 200 208
351 201 210 209
352 201 202 210
353 202 211 210
354 202 203 211
355 203 212 211
356 203 204 212
357 204 213 212
358 204 205 213
359 205 214 213
360 205 206 214
361 206 215 214
362 206 207 215
363 207 216 215
364 207 208 216
365 209 218 217
366 209 210 218
367 210 219 218
368 210 211 219
369 211 220 219
370 211 212 220
371 212 221 220
372 212 213 221
373 213 222 221
374 213 214 222
375 214 223 222
376 214 215 223
377 215 224 223
378 215 216 224
379 217 226 225
380 217 218 226
381 218 227 226
382 218 219 227
383 219 228 227
384 219 220 228
385 220 229 228
386 220 221 229
387 221 230 229
388 221 222 230
389 222 231 230
390 222 223 231
391 223 232 231
392 223 224 232
393 225 234 233
394 225 226 234
395 226 235 234
396 226 227 235
397 227 236 235
398 227 228 236
399 228 237 236
400 228 229 237
401 229 238 237
402 229 230 238
403 230 239 238
404 230 231 239
405 231 240 239
406 231 232 240
407 233 242 241
408 233 234 242
409 234 243 242
410 234 235 243
411 235 244 243
412 235 236 244
413 236 245 244
414 236 237 245
415 237 246 245
416 237 238 246
417 238 247 246
418 238 239 247
419 239 248 247
420 239 240 248
421 241 250 249
422 241 242 250
423 242 251 250
424 242 243 251
425 243 252 251
426 243 244 252
427 244 253 252
428 244 245 253
429 245 254 253
430 245 246 254
431 246 255 254
432 246 247 255
433 247 256 255
434 247 248 256
435 249 258 257
436 249 250 258
437 250 259 258
438 250 251 259
439 251 260 259
440 251 252 260
441 252 261 260
442 252 253 261
443 253 262 261
444 253 254 262
445 254 263 262
446 254 255 263
447 255 264 263
448 255 256 264
449 257 266 265
450 257 258 266
451 258 267 266
452 258 259 267
453 259 268 267
454 259 260 268
455 260 269 268
456 260 261 269
457 261 270 269
458 261 262 270
459 262 271 270
460 262 263 271
461 263 272 271
462 263 264 272
463 265 274 273
464 265 266 274
465 266 275 274
466 266 267 275
467 267 276 275
468 267 268 276
469 268 277 276
470 268 269 277
471 269 278 277
472 269 270 278
473 270 279 278
474 270 271 279
475 271 280 279
476 271 272 280
477 273 282 281
478 273 274 282
479 274 283 282
480 274 275 283
481 275 284 283
482 275 276 284
483 276 285 284
484 276 277 285
485 277 286 285
486 277 278 286
487 278 287 286
488 278 279 287
489 279 288 287
490 279 280 288
ELEMSEND

bcstotal 8
BCSBEGIN
1 0.00000000 0.00000000
2 0.00000000 0.00000000
3 0.00000000 0.00000000
4 0.00000000 0.00000000
5 0.00000000 0.00000000
6 0.00000000 0.00000000
7 0.00000000 0.00000000
8 0.00000000 0.00000000
BCSEND

FILEEND
