  0.20000000000000001E+00  0.22075820765945275E-01  0.43757194968673183E-01  0.80876672954377639E+02  0.19779241792340547E+01  0.43757194968673210E-01  0.80876672954377668E+02
  0.40000000000000002E+00  0.22075820765945275E-01  0.43748809506029940E-01  0.80868923133865536E+02  0.19779241792340547E+01  0.43748809506029981E-01  0.80868923133865565E+02
  0.60000000000000009E+00  0.22075820765945275E-01  0.43741847263669711E-01  0.80862488085109902E+02  0.19779241792340547E+01  0.43741847263670135E-01  0.80862488085110286E+02
  0.80000000000000004E+00  0.22075820765945275E-01  0.43736020655727244E-01  0.80857102284831726E+02  0.19779241792340547E+01  0.43736020655727466E-01  0.80857102284831953E+02
  0.10000000000000000E+01  0.22075820765945275E-01  0.43731105263814851E-01  0.80852558484226819E+02  0.19779241792340547E+01  0.43731105263814886E-01  0.80852558484226847E+02
  0.12000000000000000E+01  0.22075820765945275E-01  0.43726925318753801E-01  0.80848694331621530E+02  0.19779241792340547E+01  0.43726925318753808E-01  0.80848694331621530E+02
  0.13999999999999999E+01  0.22075820765945275E-01  0.43723342586453204E-01  0.80845382125697753E+02  0.19779241792340547E+01  0.43723342586453204E-01  0.80845382125697753E+02
  0.15999999999999999E+01  0.22075820765945275E-01  0.43720247867138809E-01  0.80842520974444767E+02  0.19779241792340547E+01  0.43720247867138774E-01  0.80842520974444724E+02
  0.17999999999999998E+01  0.22075820765945275E-01  0.43717554485798796E-01  0.80840030788527969E+02  0.19779241792340547E+01  0.43717554485798782E-01  0.80840030788527955E+02
  0.19999999999999998E+01  0.22075820765945275E-01  0.43715193303952141E-01  0.80837847677043101E+02  0.19779241792340547E+01  0.43715193303952099E-01  0.80837847677043058E+02
  0.21999999999999997E+01  0.22075820765945275E-01  0.43713108885343334E-01  0.80835920407484153E+02  0.19779241792340547E+01  0.43713108885343063E-01  0.80835920407483911E+02
  0.23999999999999999E+01  0.22075820765945275E-01  0.43711256544602173E-01  0.80834207680354552E+02  0.19779241792340547E+01  0.43711256544602110E-01  0.80834207680354496E+02
  0.26000000000000001E+01  0.22075820765945275E-01  0.43709600067122586E-01  0.80832676023250912E+02  0.19779241792340547E+01  0.43709600067122482E-01  0.80832676023250812E+02
  0.28000000000000003E+01  0.22075820765945275E-01  0.43708109941540688E-01  0.80831298158150148E+02  0.19779241792340547E+01  0.43708109941540604E-01  0.80831298158150076E+02
  0.30000000000000004E+01  0.22075820765945275E-01  0.43706761985806690E-01  0.80830051732120126E+02  0.19779241792340547E+01  0.43706761985805899E-01  0.80830051732119401E+02
  0.32000000000000006E+01  0.22075820765945275E-01  0.43705536274690530E-01  0.80828918326406168E+02  0.19779241792340547E+01  0.43705536274690496E-01  0.80828918326406139E+02
  0.34000000000000008E+01  0.22075820765945275E-01  0.43704416298504120E-01  0.80827882679078982E+02  0.19779241792340547E+01  0.43704416298503537E-01  0.80827882679078442E+02
  0.36000000000000010E+01  0.22075820765945275E-01  0.43703388302673070E-01  0.80826932074745642E+02  0.19779241792340547E+01  0.43703388302672924E-01  0.80826932074745500E+02
  0.38000000000000012E+01  0.22075820765945275E-01  0.43702440764316897E-01  0.80826055860835780E+02  0.19779241792340547E+01  0.43702440764316723E-01  0.80826055860835623E+02
  0.40000000000000009E+01  0.22075820765945275E-01  0.43701563978604537E-01  0.80825245065315272E+02  0.19779241792340547E+01  0.43701563978603863E-01  0.80825245065314647E+02
  0.42000000000000011E+01  0.22075820765945275E-01  0.43700749727266529E-01  0.80824492090312731E+02  0.19779241792340547E+01  0.43700749727266459E-01  0.80824492090312660E+02
  0.44000000000000012E+01  0.22075820765945275E-01  0.43699991015775680E-01  0.80823790469202805E+02  0.19779241792340547E+01  0.43699991015775486E-01  0.80823790469202621E+02
  0.46000000000000014E+01  0.22075820765945275E-01  0.43699281859641219E-01  0.80823134669075358E+02  0.19779241792340547E+01  0.43699281859639338E-01  0.80823134669073625E+02
  0.48000000000000016E+01  0.22075820765945275E-01  0.43698617113793740E-01  0.80822519933029511E+02  0.19779241792340547E+01  0.43698617113793504E-01  0.80822519933029284E+02
  0.50000000000000000E+01  0.22075820765945275E-01  0.43697992332947667E-01  0.80821942151097090E+02  0.19779241792340547E+01  0.43697992332947556E-01  0.80821942151096991E+02
